4.050000	-22.120707	52.634212	67.475033
4.030000	-22.139628	52.539160	54.072852
4.010000	-22.177691	52.565462	53.954785
3.990000	-22.249473	52.408724	53.839779
3.970000	-22.281088	52.460221	53.822168
3.950000	-22.321742	52.254850	53.682520
3.930000	-22.385790	52.276139	53.582520
3.910000	-22.423718	52.206152	53.467285
3.890000	-22.489315	52.118945	53.459635
3.870000	-22.513262	52.050391	53.334440
3.850000	-22.558764	51.924544	53.196224
3.830000	-22.620658	51.851628	53.082975
3.810000	-22.692360	51.715527	52.988411
3.790000	-22.735574	51.716895	52.848926
3.770000	-22.755908	51.716992	52.716504
3.750000	-22.849579	51.261979	52.679655
3.730000	-22.859369	51.491927	52.550977
3.710000	-22.896166	51.477311	52.485905
3.690000	-22.953933	51.263672	52.345117
3.670000	-22.989647	51.223600	52.219206
3.650000	-23.025746	51.215495	52.149902
3.630000	-23.067998	51.125814	52.004232
3.610000	-23.140877	50.921354	51.891667
3.590000	-23.173170	50.969010	51.776855
3.570000	-23.219374	50.859147	51.716276
3.550000	-23.285506	50.797038	51.602051
3.530000	-23.335326	50.719954	51.434766
3.510000	-23.371919	50.617090	51.332650
3.490000	-23.441703	50.452962	51.195898
3.470000	-23.463039	50.403125	51.055176
3.450000	-23.542040	50.464648	50.902799
3.430000	-23.561909	50.309798	50.830046
3.410000	-23.624743	50.146842	50.751237
3.390000	-23.674134	50.135124	50.626790
3.370000	-23.710291	50.111621	50.458854
3.350000	-24.080628	48.363184	50.378548
3.330000	-24.384587	46.958301	50.291504
3.310000	-24.645387	46.017122	50.072331
3.290000	-24.714499	50.148535	49.979980
3.270000	-24.900784	49.496680	49.861068
3.250000	-24.772711	50.017513	49.723242
3.230000	-24.896559	49.690527	49.689583
3.210000	-24.901100	49.829297	49.487467
3.190000	-25.139157	48.839225	49.315690
3.170000	-25.089346	49.150814	49.209147
3.150000	-25.320180	48.295866	49.176042
3.130000	-25.187849	48.890397	48.978809
3.110000	-25.376691	48.340918	48.891732
3.090000	-25.384210	48.271452	48.702962
3.070000	-25.489033	48.035449	48.550944
3.050000	-25.590961	47.747689	48.427441
3.030000	-25.596109	47.785156	48.326237
3.010000	-25.773662	47.178809	48.189714
2.990000	-25.774975	47.184375	48.021419
2.970000	-25.772261	47.298991	47.845052
2.950000	-25.928776	46.716243	47.746712
2.930000	-26.081439	50.307487	47.636426
2.910000	-26.084818	50.495638	47.468066
2.890000	-26.312440	49.629427	47.287240
2.870000	-26.498257	48.683854	47.176335
2.850000	-26.627856	48.388867	47.049935
2.830000	-26.669421	48.394401	46.817936
2.810000	-26.739914	48.257422	46.641178
2.790000	-26.641970	48.738672	46.565137
2.770000	-26.577459	49.163672	46.388542
2.750000	-26.545910	49.470638	46.237891
2.730000	-26.769539	48.613770	46.097103
2.710000	-26.804688	48.675488	45.966992
2.690000	-26.900567	48.292741	45.770150
2.670000	-26.932224	48.346387	45.641374
2.650000	-27.114765	47.487077	49.878451
2.630000	-27.146106	47.554264	49.742578
2.610000	-27.265272	47.160970	49.570736
2.590000	-27.334453	46.978613	49.402637
2.570000	-27.265684	47.348926	49.256771
2.550000	-27.370689	46.980078	49.066243
2.530000	-27.503392	46.595736	48.941374
2.510000	-27.593076	46.374219	48.750456
2.490000	-27.618476	46.298177	48.621387
2.470000	-27.882025	45.092448	48.445410
2.450000	-28.083766	48.577051	48.290397
2.430000	-28.221718	48.093197	48.056055
2.410000	-28.306695	47.849219	47.930404
2.390000	-28.400534	47.637565	47.730794
2.370000	-28.412817	47.552214	47.588379
2.350000	-28.459114	47.445931	47.348275
2.330000	-28.614534	47.102474	47.276530
2.310000	-28.700571	46.569108	47.004525
2.290000	-28.688279	46.621973	46.849447
2.270000	-28.839861	46.332357	46.598242
2.250000	-28.913047	46.061849	46.422982
2.230000	-28.960569	45.807975	46.222591
2.210000	-29.075288	49.915495	46.043327
2.190000	-29.119806	49.640723	45.864290
2.170000	-29.194772	49.434115	45.659570
2.150000	-29.261386	49.122754	49.898763
2.130000	-29.338649	49.017741	49.765332
2.110000	-29.444774	48.610710	49.505729
2.090000	-29.505492	48.517187	49.308724
2.070000	-29.553820	48.336458	49.177669
2.050000	-29.630199	48.052246	48.945638
2.030000	-29.720570	47.679883	48.725944
2.010000	-29.805514	47.420540	48.529655
1.990000	-29.876236	47.209473	48.357259
1.970000	-29.949122	47.003320	48.107324
1.950000	-30.088529	46.605534	47.872721
1.930000	-30.083871	46.602279	47.721647
1.910000	-30.163188	46.198210	47.458171
1.890000	-30.341168	45.690299	47.203743
1.870000	-30.309010	45.739290	47.056283
1.850000	-30.451607	49.586361	46.751335
1.830000	-30.499027	49.248079	46.572493
1.810000	-30.570085	49.280892	46.323112
1.790000	-30.600126	49.031445	46.048600
1.770000	-30.736745	48.611882	45.863607
1.750000	-30.775427	48.392773	50.018001
1.730000	-30.868692	48.150586	49.766960
1.710000	-30.980206	47.648730	49.513021
1.690000	-31.019563	47.428190	49.313704
1.670000	-31.088460	47.217936	49.114681
1.650000	-31.171571	46.996094	48.789225
1.630000	-31.272824	46.671582	48.530697
1.610000	-31.372672	46.206999	48.288965
1.590000	-31.438049	50.208268	47.990299
1.570000	-31.482308	49.992383	47.749544
1.550000	-31.619130	49.509017	47.504362
1.530000	-31.684008	49.295247	47.204102
1.510000	-31.693271	49.060449	46.924023
1.490000	-31.830544	48.770020	46.641048
1.470000	-31.863489	48.640007	46.376855
1.450000	-31.965944	48.228971	46.044141
1.430000	-32.049245	47.737793	45.760124
1.410000	-32.233632	47.183952	49.887598
1.390000	-32.231092	47.121061	49.625488
1.370000	-32.332767	46.735254	49.370052
1.350000	-32.393442	46.456673	49.005697
1.330000	-32.513133	46.115527	48.689193
1.310000	-32.607602	49.951204	48.428060
1.290000	-32.630660	49.651693	48.042578
1.270000	-32.690504	49.382812	47.729753
1.250000	-32.784409	48.833398	47.397168
1.230000	-32.911603	48.269889	47.052897
1.210000	-32.928616	48.205762	46.712565
1.190000	-33.022650	47.996973	46.350977
1.170000	-33.151732	47.405046	46.009505
1.150000	-33.260498	47.011523	45.622949
1.130000	-33.427135	46.456445	49.711589
1.110000	-33.680746	46.227767	49.333561
1.090000	-33.842953	45.779004	48.928776
1.070000	-33.946334	49.778711	48.546745
1.050000	-34.048067	49.237174	48.183789
1.030000	-34.117100	48.850846	47.760319
1.010000	-34.228224	48.469206	47.323698
0.990000	-34.289602	48.137142	46.887142
0.970000	-34.382754	47.672884	46.501237
0.950000	-34.473608	47.218359	46.047786
0.930000	-34.537115	46.610189	50.009440
0.910000	-34.580396	46.277767	49.565592
0.890000	-34.659236	45.713574	49.094238
0.870000	-34.724627	49.696582	48.670443
0.850000	-34.793348	49.095833	48.147721
0.830000	-34.849332	48.624642	47.645020
0.810000	-34.924596	48.032650	47.062533
0.790000	-34.992183	47.614583	46.596940
0.770000	-35.040827	47.205501	46.041602
0.750000	-35.115294	46.502799	45.509733
0.730000	-35.169751	46.026172	49.387077
0.710000	-35.234096	49.649674	48.825977
0.690000	-35.306679	49.002995	48.193750
0.670000	-35.377936	48.364030	47.563574
0.650000	-35.442433	47.769564	46.974544
0.630000	-35.509361	47.021875	46.245768
0.610000	-35.569784	46.398340	45.571615
0.590000	-35.629572	45.699902	49.253581
0.570000	-35.698348	49.306706	48.537793
0.550000	-35.752402	48.564453	47.859082
0.530000	-35.821872	47.827148	47.024772
0.510000	-35.884548	47.047884	46.267741
0.490000	-35.951145	46.043945	45.457292
0.470000	-36.014179	49.558333	49.051335
0.450000	-36.072427	48.615267	48.075326
0.430000	-36.127671	47.739844	47.122233
0.410000	-36.200507	46.766276	46.124349
0.390000	-36.265495	50.109375	49.465885
0.370000	-36.325294	49.035677	48.404427
0.350000	-36.389530	47.783105	47.153190
0.330000	-36.444580	46.626107	45.957715
0.310000	-36.506551	49.657096	49.056348
0.290000	-36.564553	48.297070	47.714421
0.270000	-36.629024	46.845573	46.166536
0.250000	-36.689361	49.521745	49.036556
0.230000	-36.751400	47.804460	47.216048
0.210000	-36.812203	45.903288	49.679753
0.190000	-36.872641	48.256217	47.697298
0.170000	-36.933329	45.939779	49.713672
0.150000	-36.991840	47.697819	47.137695
0.130000	-37.053490	49.146159	48.595117
0.110000	-37.114150	50.013802	49.476465
0.090000	-37.174674	45.884310	49.643685
0.070000	-37.234773	49.431380	48.833138
0.050000	-37.294309	46.806348	46.175684
