4.050000	-20.190654	53.798991	67.452734
4.030000	-20.165106	50.294954	54.124349
4.010000	-20.361999	49.930469	53.922103
3.990000	-20.413987	49.730013	53.892253
3.970000	-20.372298	49.927116	53.783952
3.950000	-20.587197	49.400033	53.701725
3.930000	-20.609413	49.442676	53.609017
3.910000	-20.677520	49.337923	53.521875
3.890000	-20.755634	49.091829	53.411361
3.870000	-20.777922	48.988835	53.273307
3.850000	-20.938007	48.607161	53.180664
3.830000	-20.946008	48.701595	53.064616
3.810000	-21.102391	48.309928	53.023210
3.790000	-21.253016	47.882585	52.836654
3.770000	-21.193847	48.069531	52.827344
3.750000	-21.344508	47.711751	52.650000
3.730000	-21.307015	48.069629	52.544857
3.710000	-21.448238	47.518880	52.441374
3.690000	-21.563437	47.220768	52.328158
3.670000	-21.578838	47.270996	52.207878
3.650000	-21.669580	47.029753	52.095280
3.630000	-21.796248	46.672949	52.026270
3.610000	-21.862335	46.512663	51.900781
3.590000	-21.922859	46.492057	51.738542
3.570000	-21.920365	46.387240	51.626107
3.550000	-22.038693	46.131120	51.570671
3.530000	-22.144891	50.035547	51.390820
3.510000	-22.182818	49.865885	51.266895
3.490000	-22.277170	49.564844	51.245085
3.470000	-22.398664	49.408822	51.120312
3.450000	-22.461905	49.293294	51.016960
3.430000	-22.495252	49.258464	50.852311
3.410000	-22.630503	48.892513	50.774707
3.390000	-22.669711	48.766667	50.569206
3.370000	-22.773549	48.575195	50.516829
3.350000	-22.798947	48.571419	50.399935
3.330000	-22.852760	48.408105	50.253483
3.310000	-22.928827	48.184798	50.171973
3.290000	-23.021861	47.969629	50.017936
3.270000	-23.031378	48.048893	49.872721
3.250000	-23.117696	47.730632	49.724382
3.230000	-23.160008	47.553483	49.610937
3.210000	-23.328926	47.142318	49.479460
3.190000	-23.397453	47.032487	49.378158
3.170000	-23.490905	46.888444	49.214128
3.150000	-23.537272	46.652767	49.111133
3.130000	-23.574827	46.633757	48.967025
3.110000	-23.712323	46.205957	48.860319
3.090000	-23.882945	45.737500	48.724577
3.070000	-23.820356	45.982715	48.527279
3.050000	-23.985429	49.750911	48.437240
3.030000	-24.027977	49.625618	48.277799
3.010000	-24.008283	49.668913	48.155599
2.990000	-24.182821	49.185970	48.008008
2.970000	-24.233181	49.070150	47.918066
2.950000	-24.299019	48.899349	47.716602
2.930000	-24.341646	48.850098	47.562598
2.910000	-24.398328	48.704818	47.446908
2.890000	-24.435645	48.608854	47.292090
2.870000	-24.604470	48.116081	47.120638
2.850000	-24.634194	48.014193	46.988118
2.830000	-24.779014	47.749870	46.824219
2.810000	-24.841881	47.493717	46.705664
2.790000	-24.845340	47.645605	46.529622
2.770000	-24.961191	47.236589	46.419792
2.750000	-25.002299	47.111654	46.244792
2.730000	-25.099415	46.849447	46.023926
2.710000	-25.179015	46.663379	45.946094
2.690000	-25.277949	46.325488	45.737793
2.670000	-25.267870	46.437663	50.023698
2.650000	-25.406785	45.955664	49.881022
2.630000	-25.407347	50.228646	49.634408
2.610000	-25.596435	49.551628	49.575293
2.590000	-25.587058	49.819759	49.385352
2.570000	-25.657411	49.516797	49.213965
2.550000	-25.786251	49.172884	49.128223
2.530000	-25.873519	48.879850	48.848079
2.510000	-25.933222	48.786621	48.738379
2.490000	-26.007306	48.515983	48.612240
2.470000	-26.135435	48.127799	48.440658
2.450000	-26.189022	48.139909	48.246452
2.430000	-26.205666	47.960189	48.137630
2.410000	-26.311793	47.598893	47.912240
2.390000	-26.357618	47.573796	47.733529
2.370000	-26.433114	47.313900	47.606217
2.350000	-26.487079	47.112240	47.327246
2.330000	-26.598402	46.872624	47.244010
2.310000	-26.636655	46.750098	47.038216
2.290000	-26.737382	50.638216	46.775749
2.270000	-26.814444	50.389714	46.636165
2.250000	-26.934167	50.040495	46.461556
2.230000	-27.008680	49.886393	46.302930
2.210000	-27.042234	49.795345	46.095378
2.190000	-27.135660	49.509147	45.901204
2.170000	-27.263328	49.019792	45.723079
2.150000	-27.233863	49.035026	49.904134
2.130000	-27.437233	48.572624	49.711328
2.110000	-27.478354	48.300423	49.568229
2.090000	-27.547704	48.212630	49.373600
2.070000	-27.656111	47.715267	49.149316
2.050000	-27.726030	47.649577	48.919141
2.030000	-27.707308	47.603288	48.729069
2.010000	-27.822416	47.309277	48.500456
1.990000	-27.905895	46.969824	48.275521
1.970000	-27.989537	46.716536	48.067480
1.950000	-28.053172	46.586979	47.847005
1.930000	-28.122841	46.256055	47.728353
1.910000	-28.221920	45.982552	47.500163
1.890000	-28.252621	50.010775	47.273014
1.870000	-28.412185	49.657552	47.045182
1.850000	-28.472565	49.284993	46.820182
1.830000	-28.554979	48.988346	46.513607
1.810000	-28.633540	48.898210	46.291829
1.790000	-28.657460	48.642285	46.049870
1.770000	-28.733036	48.330892	45.856576
1.750000	-28.884191	48.001465	45.536589
1.730000	-28.963325	47.685319	49.770638
1.710000	-29.032345	47.392220	49.571094
1.690000	-29.066473	47.289648	49.271517
1.670000	-29.130367	47.076107	49.095573
1.650000	-29.225299	46.650911	48.802018
1.630000	-29.319471	46.342253	48.542839
1.610000	-29.397222	46.099544	48.307650
1.590000	-29.502951	49.905371	48.030404
1.570000	-29.580437	49.653418	47.787826
1.550000	-29.606112	49.407975	47.483659
1.530000	-29.737014	48.990951	47.282845
1.510000	-29.798016	48.876790	46.949935
1.490000	-29.884446	48.438249	46.656348
1.470000	-29.922724	48.220182	46.281087
1.450000	-30.069951	47.709961	46.095475
1.430000	-30.129319	47.314290	50.188021
1.410000	-30.194224	47.108333	49.904004
1.390000	-30.250201	46.642936	49.621908
1.370000	-30.382825	46.601074	49.256413
1.350000	-30.504411	45.991341	48.957845
1.330000	-30.576107	45.749316	48.720931
1.310000	-30.626957	49.640039	48.393034
1.290000	-30.644531	49.305957	48.081217
1.270000	-30.756938	48.904948	47.792187
1.250000	-30.864833	48.647689	47.386165
1.230000	-31.011871	48.268913	47.020313
1.210000	-31.181576	47.750130	46.685384
1.190000	-31.218549	47.399902	46.414453
1.170000	-31.421234	46.908594	50.473112
1.150000	-31.614562	46.369792	50.056022
1.130000	-31.760859	46.176139	49.667383
1.110000	-31.886732	45.882715	49.354297
1.090000	-32.013395	49.568132	48.928809
1.070000	-32.139764	49.164974	48.578451
1.050000	-32.211727	48.638118	48.153320
1.030000	-32.283322	48.199642	47.780990
1.010000	-32.368213	47.814681	47.312663
0.990000	-32.452494	47.231380	46.926855
0.970000	-32.519729	46.830241	46.488542
0.950000	-32.591760	46.279004	46.060840
0.930000	-32.658090	50.138509	45.606315
0.910000	-32.719918	49.524707	49.572754
0.890000	-32.783754	49.188118	49.090592
0.870000	-32.870362	48.629297	48.565039
0.850000	-32.940495	48.210124	48.164746
0.830000	-33.003137	47.671126	47.692383
0.810000	-33.059777	47.136393	47.140853
0.790000	-33.119856	46.698145	46.574382
0.770000	-33.182088	46.066536	46.075456
0.750000	-33.251361	49.805013	49.896875
0.730000	-33.306400	49.296517	49.383008
0.710000	-33.357714	48.713965	48.815072
0.690000	-33.429744	48.157259	48.246484
0.670000	-33.491546	47.608691	47.541146
0.650000	-33.553173	46.944792	46.898828
0.630000	-33.623491	46.140820	46.222201
0.610000	-33.692896	49.824316	50.031934
0.590000	-33.760919	49.148958	49.315723
0.570000	-33.818693	48.481543	48.578678
0.550000	-33.879228	47.652376	47.849935
0.530000	-33.950649	46.789876	47.056901
0.510000	-34.004959	46.005501	46.279362
0.490000	-34.066171	49.510189	49.835417
0.470000	-34.138385	48.636654	48.971940
0.450000	-34.203223	47.592220	48.104687
0.430000	-34.260125	46.830273	47.113835
0.410000	-34.320627	50.086328	46.118490
0.390000	-34.381486	49.146419	49.494336
0.370000	-34.444836	47.989128	48.345866
0.350000	-34.507822	46.752962	47.129525
0.330000	-34.564544	49.942090	45.955143
0.310000	-34.629743	48.591439	49.068197
0.290000	-34.688493	47.260514	47.695117
0.270000	-34.752456	45.678353	46.184798
0.250000	-34.813149	48.425814	48.973242
0.230000	-34.872667	46.687956	47.265885
0.210000	-34.931992	49.119271	49.799544
0.190000	-34.994869	47.109147	47.643034
0.170000	-35.056002	49.112663	49.756152
0.150000	-35.116164	46.543262	47.081901
0.130000	-35.176512	47.868717	48.541602
0.110000	-35.237785	48.707552	49.457780
0.090000	-35.297535	48.944141	49.610482
0.070000	-35.359080	48.115625	48.837207
0.050000	-35.419400	49.809570	46.123698
